3 5 11446 3501 13070 11333 6103 
2 2 11374 6103 
3 6 6103 9239 6221 3369 6378 377 
1 4 377 407 11361 3274 
2 7 6378 3241 6301 3301 3205 9364 6363 
1 3 407 253 6301 
3 7 6103 507 6489 3422 3463 540 6526 
1 2 3463 9562 
1 4 3422 6351 11471 6221 
2 3 11374 221 271 
2 6 3301 9297 6270 9268 11221 6103 
1 3 11374 11253 3287 
1 3 11253 296 9268 
1 2 11297 9269 
3 3 9269 9250 364 
1 2 364 9268 
2 4 6384 6318 9379 9269 
1 5 3205 6384 6318 11345 3301 
1 2 9364 311 
3 4 9269 9332 11270 351 
1 2 11317 11270 
1 3 6335 6268 9379 
2 3 9332 9397 6399 
1 4 6399 11332 219 9314 
3 3 351 11299 9314 
3 9 11299 11378 9392 9383 6300 3150 11136 200 11207 
2 4 3150 159 3273 9383 
2 4 3273 6395 9237 6350 
2 4 9237 6320 11218 219 
1 7 11207 9161 9075 6046 6104 3159 11064 
1 3 6395 6385 284 
1 2 6046 11266 
2 4 11293 7377 285 11237 
1 3 7394 9284 6289 
2 3 9284 11267 9310 
1 2 11237 9310 
2 5 9310 3396 11287 11238 11371 
2 7 385 276 3329 3379 3242 3359 11293 
1 3 11287 369 3359 
1 3 11238 9255 9369 
1 5 7361 7644 7304 1424 4285 
1 4 4285 4342 634 4362 
1 4 1424 4432 7379 4362 
1 3 4362 12291 4305 
1 6 12291 1284 10174 10230 7289 7345 
3 13 7345 4270 6625 3605 11567 9580 6797 3775 3763 749 11695 722 9667 
3 10 9667 9711 11725 9743 779 6607 9585 11728 3640 9467 
2 3 9585 6662 11728 
1 2 6662 11585 
1 2 6625 6630 
2 2 6630 3608 
3 5 6625 3778 1341 4345 7345 
1 4 7875 1764 10700 1341 
1 3 7875 11902 1299 
1 6 11902 11682 490 6740 983 10700 
1 2 11682 10621 
1 2 983 7893 
1 5 10700 4419 12223 1356 4769 
3 11 9467 12278 12582 602 777 10718 4775 7899 1769 4875 1873 
3 6 1873 4872 12688 3721 1788 12603 
1 4 12603 12663 12593 12636 
1 2 12593 10656 
1 3 7782 12682 10656 
2 3 12603 10611 4739 
1 3 4739 3481 12663 
1 3 4739 736 10656 
3 4 10611 11440 10684 3706 
2 5 4739 9669 6726 515 7787 
1 5 7787 3010 7766 2407 13075 
1 2 3706 7787 
3 8 7787 6754 1347 7761 1737 7853 4413 4428 
1 5 4428 1408 1393 10273 1323 
1 5 1323 10644 1411 7858 7830 
1 2 7858 1763 
1 3 3010 1804 7348 
1 5 10228 10548 4870 1323 1737 
1 34 4163 9994 11969 10091 7162 11921 10026 7005 11957 12039 1189 1149 4194 7209 9980 1118 1041 4047 10046 10117 12088 4057 1198 1127 4120 11954 10123 12094 4151 1204 7082 9992 1130 4136 
1 5 4342 1619 1338 12459 7462 
3 4 7462 3732 3712 6732 
3 6 6732 3906 11830 9832 6909 9847 
1 6 6732 3710 908 718 9675 4445 
1 4 4445 10381 11662 7345 
1 3 4445 7629 7289 
1 5 10230 12202 10318 1282 4342 
1 7 9693 1436 9708 3747 3733 734 11654 
1 2 749 11654 
3 5 9847 3878 6882 11782 6845 
2 4 6845 3824 6984 3957 
1 3 3957 873 3823 
2 4 3957 951 11873 10343 
1 4 9667 9724 6710 6769 
1 2 6769 9684 
2 3 9684 695 11641 
1 3 9684 691 695 
3 5 11641 695 11637 689 3685 
3 7 3685 9825 6890 882 3687 6707 11654 
1 5 6984 822 11785 6869 6845 
3 7 11785 6885 6872 702 9836 11648 6707 
2 5 11800 880 3850 847 6872 
1 3 11800 6705 3687 
1 4 11800 4442 6874 9825 
1 3 6855 659 3685 
1 3 659 3853 6874 
2 4 870 11791 3872 659 
2 5 3685 3872 11791 11760 6855 
1 3 6855 9760 971 
2 4 6855 827 9808 11800 
1 6 1595 9796 831 11776 9775 6855 
2 4 11641 6713 9450 12368 
2 3 6713 9653 870 
1 2 1595 12437 
1 6 9450 9682 10461 1655 4531 12437 
2 4 6971 4627 7466 7646 
1 2 7646 10343 
2 6 788 11738 11841 10412 1506 7466 
1 4 3917 9786 9758 3824 
2 6 11800 11789 11769 11758 6929 3957 
1 5 6882 3693 3894 6911 9847 
1 4 6882 3863 11799 6869 
1 8 11654 9664 11680 11650 894 3897 891 3863 
1 3 9693 11722 10381 
1 3 9693 3806 908 
1 4 10318 1282 4287 4362 
1 4 3897 706 9774 6911 
3 6 3900 11886 6837 9835 11815 987 
3 5 987 3895 3839 3970 6981 
3 5 3839 836 964 3783 1150 
3 6 10076 12052 7014 12076 4042 7191 
3 5 9974 7058 1096 11991 7191 
3 6 987 11771 11808 916 4642 4572 
3 4 10433 7523 11744 4572 
2 5 810 6811 11906 3791 10376 
2 4 946 3947 6964 9897 
2 3 11808 887 3913 
2 7 10376 10503 12355 7670 10463 9623 12342 
3 5 4123 7142 10095 1089 10076 
3 4 4123 1076 12055 7025 
3 4 4619 1036 1628 3992 
3 3 10404 7095 1597 
3 5 1597 4134 12436 4532 4504 
2 3 1319 4192 4504 
2 4 11913 1099 1171 11937 
1 5 7971 2028 5100 12327 12732 
1 3 5100 10770 4783 
3 5 1047 7152 4092 4152 1597 
3 5 4052 10065 11915 12040 7125 
3 5 4056 12060 1054 12085 11948 
3 6 7125 10036 9936 4103 12089 4086 
2 3 9936 10115 1081 
2 4 7125 4004 848 6928 
2 7 9897 944 3929 861 800 11781 9803 
3 7 11506 9561 3402 6504 11483 575 11548 
2 6 11548 9500 11420 454 3402 11549 
3 3 11549 11518 11506 
2 3 9534 6569 485 
2 3 6569 11563 9434 
3 8 9737 11565 595 11582 629 11596 3671 9492 
3 5 9492 6533 9507 9523 11506 
3 4 9492 9478 503 11465 
2 5 3552 542 6536 9510 11465 
2 3 9478 3495 3523 
3 4 11508 527 3523 11521 
3 6 11521 6599 9578 3549 9534 11506 
3 5 11521 553 3534 6547 9523 
2 3 6657 9597 11565 
2 4 11465 11616 11600 6657 
3 5 9737 6777 6762 9710 743 
3 3 11875 11834 911 
2 5 6960 9898 11877 958 11875 
3 4 11506 11491 6949 551 
3 5 11549 13011 3546 5291 9559 
1 4 3546 6545 9505 9658 
3 5 678 698 6698 9658 3652 
1 4 11502 11516 11642 6698 
1 4 911 3928 9909 13208 
2 3 6960 3946 9853 
2 4 3946 6917 943 6766 
2 6 6766 12169 9882 9884 11697 743 
1 3 595 3598 620 
2 8 620 3626 6651 9629 11631 3493 512 9725 
2 8 6613 11593 3594 9607 11576 6648 3621 620 
2 6 6766 11702 6775 11720 9717 9737 
3 4 11508 9525 6572 3552 
2 3 9472 13011 551 
2 4 9472 3447 11606 11483 
2 3 9472 3560 5291 
2 5 11877 9728 6770 3754 6773 
3 7 9523 9725 6518 9644 667 9609 3594 
2 5 9745 6609 6784 3589 6613 
2 4 3764 9736 3762 11875 
2 5 3589 780 762 11713 958 
1 3 9898 760 6770 
2 6 3621 6618 6773 752 3948 6766 
3 4 551 9490 3669 3652 
1 4 13756 9536 13081 11606 
1 2 9536 11606 
1 2 13756 11606 
1 3 6446 3576 13756 
1 3 3576 6560 13762 
2 6 516 13757 6560 6598 11419 9574 
2 5 3488 6537 11519 13068 13757 
2 5 6537 11407 9418 9444 3516 
1 2 3516 13757 
2 4 6537 11562 6500 6496 
2 2 6496 3262 
2 3 3262 9498 3211 
2 2 3211 391 
2 3 6496 11456 391 
1 2 9498 391 
1 2 9498 6496 
2 2 11456 6241 
1 2 391 6241 
2 3 6241 6286 9309 
1 3 9335 6336 6286 
1 2 9335 6286 
3 5 6524 538 6582 11545 3499 
3 5 375 11219 9294 9320 9347 
2 6 9347 6257 6389 13761 317 11366 
3 7 3522 11468 11402 11493 3355 11431 6535 
3 6 526 6218 9238 11359 375 6521 
3 6 3326 3271 6377 526 9375 3522 
2 5 9347 6325 6349 3326 241 
3 3 11545 3535 9441 
3 5 9471 9441 11404 9416 11544 
3 7 6540 9545 6555 6581 3574 589 6488 
3 4 11531 11547 11560 589 
1 2 9559 6583 
1 2 9418 6583 
2 2 6583 11435 
2 3 11435 11470 11494 
2 2 3488 3547 
3 4 11456 3444 587 3547 
1 2 309 3326 
3 3 692 3705 6540 
1 4 673 11620 6693 692 
2 5 9655 3690 519 11499 9545 
1 2 11494 3547 
3 3 11494 3423 11560 
3 6 6524 482 13116 11417 6594 589 
2 3 309 11264 11360 
3 3 11264 11233 6535 
3 6 6377 11493 6513 9524 11445 11417 
3 5 3547 6570 9482 495 6535 
3 6 3512 6469 6570 529 6444 6488 
2 4 6488 3397 6549 11445 
3 3 11544 561 6540 
3 6 11517 3514 573 514 6441 3499 
3 3 11219 11276 321 
2 5 321 9388 3340 349 6282 
1 5 9655 6934 694 11486 6542 
2 8 6521 9428 478 11415 3572 3438 9470 3510 
2 5 673 11618 9633 6678 6680 
3 4 11618 11634 3675 688 
3 5 3673 11612 6673 671 11634 
1 5 3673 6687 9679 6690 11666 
3 6 688 6708 9665 11651 704 11666 
3 8 11666 6739 9692 9539 3484 9551 9412 9427 
2 2 11666 3700 
1 2 6680 9655 
2 4 6725 9515 3299 6540 
3 6 6287 6393 3260 3325 3277 399 
3 4 394 6235 6364 3277 
2 3 399 3341 6235 
1 3 6666 9622 9620 
1 2 9622 11590 
1 4 11590 3612 9587 636 
1 4 9600 658 11601 11604 
1 3 9620 9638 11604 
1 2 9620 11604 
1 2 11604 663 
1 2 9638 663 
1 2 663 11623 
1 2 11623 6680 
1 3 11623 661 3660 
3 3 11891 770 6780 
3 7 6973 6946 11833 6875 6862 11751 9904 
1 2 6946 13606 
3 9 9904 11846 923 9826 819 955 851 3968 10027 
1 4 9990 12066 3901 10027 
1 2 3901 12098 
1 2 3968 9856 
3 10 11837 9784 6843 883 6939 3966 6831 9838 925 967 
3 4 967 9924 782 6606 
2 4 6606 9752 6790 3780 
3 3 11584 628 6626 
2 3 11584 6656 656 
1 4 3604 11598 9630 11618 
3 5 11587 11568 603 3604 11584 
3 3 11568 969 3780 
2 4 3780 776 3782 6780 
1 6 7059 10074 3857 1156 4159 4014 
1 3 11837 11998 6979 
3 4 6606 6793 9582 11584 
2 4 9904 9794 6926 967 
3 6 9794 3885 9879 9907 1616 6973 
1 5 11773 902 11755 9863 6891 
1 5 11773 11874 11824 9772 6891 
1 2 6891 3838 
1 3 11804 3838 9851 
1 2 9851 11804 
1 2 11891 9909 
1 2 9745 6780 
2 5 9853 9824 6927 854 9764 
2 4 9764 9797 6865 11779 
1 2 6865 3898 
2 7 9764 6812 6966 3873 6817 9896 6906 
1 3 9797 6836 872 
2 3 3816 3954 6966 
1 4 3816 9813 9840 11838 
1 3 932 3933 9857 
1 4 932 3902 6903 9857 
1 2 9857 6878 
1 2 6903 6878 
1 2 6878 3816 
1 2 3933 3737 
1 11 3737 6756 740 11688 9703 6749 11707 9719 6764 3761 758 
1 4 758 6955 9689 6734 
3 5 6734 9686 11677 11692 6955 
1 2 9689 9686 
3 5 11677 11840 3725 3727 3918 
1 6 3918 3920 9872 9700 738 11688 
2 5 874 6867 6907 918 11825 
1 2 918 3918 
1 2 7153 9979 
1 3 9979 10009 4182 
3 3 1048 7183 7098 
1 3 7183 1178 4182 
2 3 7098 11749 3940 
3 4 3940 11798 931 9925 
1 4 9925 3930 3810 3871 
1 4 7098 9891 875 3871 
3 5 3938 3794 9800 9846 11825 
2 3 3816 813 11766 
3 5 11766 9785 6993 9767 3938 
1 7 6906 3799 3891 3945 6879 3858 3938 
2 5 11956 4065 10109 10024 4098 
2 3 9877 6866 9925 
3 7 6866 11780 985 6948 6832 6896 12081 
3 6 950 12081 9778 11863 858 3938 
1 5 9979 7068 1090 10111 950 
1 2 3871 950 
1 2 3871 6744 
1 3 931 6954 7098 
1 3 6867 3874 9800 
1 3 3874 939 3794 
1 5 9896 871 7213 11737 3816 
3 9 3938 6914 11863 3953 11812 11807 9903 1093 10024 
2 5 4098 9889 11884 832 11812 
1 2 9889 6959 
1 2 962 9889 
1 6 11825 6936 903 885 11852 3902 
1 3 747 1176 1090 
1 2 12038 11956 
2 4 6884 9765 6880 3790 
3 5 9765 6933 9869 970 11805 
3 5 11805 924 3798 9787 6924 
2 4 9787 889 724 9817 
2 3 9817 11673 9686 
1 2 724 6921 
1 3 724 6941 877 
1 2 845 889 
1 2 874 845 
1 4 9877 3926 11885 3798 
1 2 3886 3926 
1 4 11885 6996 6818 845 
1 2 11838 9884 
1 2 3737 743 
1 3 11404 6470 424 
3 3 424 6418 11542 
2 4 573 469 6440 11542 
3 5 11542 9429 583 421 6562 
1 2 9692 3700 
2 7 11691 3565 6573 3550 581 11539 3484 
3 4 11610 3680 6703 9660 
3 5 9660 684 11646 9656 6682 
2 5 3730 730 11644 11646 6700 
3 3 9660 716 3731 
2 4 3731 3713 3730 9706 
1 3 6626 599 11735 
2 6 599 13733 9627 13734 13735 11581 
2 4 3601 13738 6650 9627 
2 4 3601 13739 13740 624 
3 5 6647 9595 624 11581 596 
1 4 3868 6889 9821 9809 
1 3 6889 9894 6942 
1 3 3943 3924 6942 
2 6 6942 6957 3985 9586 6611 3601 
3 4 11586 11580 11577 6647 
3 4 9602 6634 11583 11586 
2 4 3922 3956 3984 6998 
2 4 9894 953 982 3922 
3 6 953 11899 11741 797 3609 11586 
3 4 9602 6998 6953 9890 
1 3 11857 9906 9890 
2 4 9890 6940 6913 9809 
2 5 9809 9780 9914 3884 11767 
1 3 9914 9875 6900 
1 4 3882 3865 11856 9875 
1 4 6900 841 3914 9805 
1 10 841 3980 966 3844 10163 11818 3936 9930 11774 11905 
2 9 7211 7096 3988 4109 1109 976 3864 3973 3844 
1 6 7211 4193 1173 11965 4178 7096 
1 5 976 1205 12001 9916 3914 
1 3 9930 6990 3936 
1 3 3833 3526 11818 
3 4 3833 3882 9874 9890 
1 4 12001 11895 863 3864 
2 4 6990 9818 3908 949 
2 4 3908 3937 6923 9862 
1 5 6923 6952 6814 6967 9919 
2 8 9783 649 9769 6842 3819 3952 3971 949 
1 4 6952 3819 9610 9612 
1 3 11857 935 949 
2 3 657 9635 687 
2 4 6731 11676 746 9706 
2 4 3696 3709 9687 746 
3 6 9617 3636 3639 637 3645 6667 
3 4 6282 3312 11444 6521 
3 7 6558 3532 11478 3473 9496 11505 6521 
3 6 6558 388 9387 6309 6390 6282 
2 5 6558 3460 3510 3283 6462 
1 5 9570 6462 9511 479 11467 
1 5 9570 3545 6534 11517 11401 
1 2 11401 469 
3 6 6309 9277 9306 11288 11316 9263 
1 2 11288 11372 
3 5 9346 3351 3380 362 9263 
1 4 3380 6402 11245 6375 
1 2 9346 6375 
3 5 388 11232 279 3324 3380 
2 6 6464 506 584 9546 9439 11515 
2 5 6464 3586 11532 3482 9400 
3 7 11479 9468 6522 6499 442 11413 9427 
2 3 6287 6345 9279 
2 5 9393 11380 11082 161 6050 
2 6 11380 11390 3229 299 329 11215 
3 5 11215 11327 11160 9300 6345 
3 7 9300 9410 242 9329 9406 6397 9393 
1 3 299 363 242 
1 3 383 6310 171 
3 6 383 295 11070 69 6028 11114 
3 8 11114 3141 6164 9209 9109 11082 161 6050 
3 10 6050 9149 3182 11091 3045 11147 11040 9151 205 130 
3 5 9149 6127 35 9185 9209 
1 8 3108 11123 11209 9051 49 9117 9193 35 
1 5 3108 6126 11129 6063 130 
2 9 9108 3104 6024 6161 3100 9093 118 11185 6063 
1 3 192 6055 101 
1 5 101 3095 11155 3054 3104 
1 4 3132 9126 6214 173 
3 8 3022 6038 115 6173 9069 9208 6111 173 
1 3 9069 3098 11173 
2 3 3022 6118 6114 
1 3 11100 3093 6114 
3 6 6114 9135 11028 3021 11078 6115 
2 5 11078 6160 179 6195 11114 
3 10 6115 14 9174 6151 9096 11176 9296 11367 6176 53 
3 7 122 3114 9047 3059 6080 9204 6115 
3 3 3055 3193 11125 
1 5 3107 11204 6087 124 11125 
3 5 11125 11164 11081 158 11121 
2 5 6078 11199 9106 9233 3115 
1 6 141 11141 11076 193 6146 11024 
1 7 11056 165 3013 37 6033 6156 11076 
3 6 11105 6144 67 9073 9183 11056 
3 4 11105 6108 9194 3083 
3 8 9219 11144 9166 6138 3025 3137 9167 6144 
2 4 3122 11065 63 9166 
1 3 9219 6078 141 
3 4 9219 11132 6081 11121 
1 2 12674 12689 
1 7 3022 6038 3111 11049 6129 9154 3108 
2 13 3095 6206 3179 11102 11112 11152 11026 3044 184 11148 3039 46 9154 
1 2 9862 11905 
2 3 6967 9888 11842 
1 2 11842 922 
1 4 9833 6895 3893 11905 
2 5 9833 11829 11811 3851 947 
1 3 3851 3786 3951 
2 5 3951 6808 3907 11784 11747 
2 4 940 11792 9811 3907 
1 2 6332 6402 
3 5 3759 11216 11370 294 6220 
2 6 3392 6546 3412 513 572 6557 
4 9 6380 3259 344 9256 6245 333 3176 11154 9177 
3 7 6380 6283 11236 6346 231 6101 6167 
4 3 7661 1536 12434 
4 5 12320 12450 1467 1610 11674 
4 6 12320 12380 1599 6669 3656 3653 
2 4 1599 11708 1539 11674 
2 4 9355 9384 6411 3335 
3 8 3335 6252 11284 11235 11300 3263 6348 6414 
3 6 9241 11241 11353 3313 11272 3235 
4 4 9355 9328 9260 3580 
4 6 3580 457 3554 9579 6477 413 
2 5 476 6429 3457 6509 6557 
3 9 9753 6620 11429 9455 6486 6516 520 11474 3529 
3 10 12235 11591 9453 3618 464 615 11578 3622 9592 9753 
4 5 12235 1247 4254 10253 4394 
2 5 4411 7281 10224 7313 4394 
3 4 1821 307 12102 1387 
3 4 1233 12287 10133 1821 
1 8 6124 9370 6383 11263 282 9305 11387 6338 
2 8 6119 9043 3099 106 2996 11107 9131 6097 
1 3 10737 7916 12769 
1 3 7916 10852 12248 
1 3 7448 7584 12248 
1 4 4893 8053 10476 7448 
1 2 12871 8053 
1 3 8053 2017 2078 
1 3 2078 1948 2101 
1 2 12769 12831 
1 4 12769 10789 5064 2078 
1 7 6021 3078 6159 3086 11137 6051 3130 
3 5 418 9449 3492 558 3580 
3 5 1387 4209 12521 4780 7800 
3 7 12521 1294 1775 1292 1327 9292 1233 
2 3 4805 12192 12263 
4 6 12189 4805 7672 10722 7801 1802 
2 7 12263 12136 1343 9733 4404 9604 11575 
2 4 12263 4701 4246 1802 
2 6 10678 12657 7763 4725 10655 7801 
2 4 4731 1739 12654 1802 
1 3 4731 1730 10608 
3 4 12543 10559 7725 4677 
3 7 7816 1696 7860 4705 7751 12641 4677 
3 5 4797 1762 4837 10528 7816 
3 7 12543 7785 10681 4762 1761 12506 12575 
3 4 1735 7828 10524 12575 
2 3 1735 10699 7863 
3 4 4750 1803 4808 1735 
3 5 4797 12540 10661 10664 4750 
3 6 12691 12621 4853 10570 7841 4750 
3 4 7789 12536 4866 7274 
3 6 12691 10639 7815 10613 1718 7789 
3 3 1794 4734 7274 
3 5 1685 1369 12515 4803 1794 
3 8 4750 1813 7713 7731 4690 10649 1816 1685 
3 8 7274 7825 1860 1733 12679 10696 1709 7800 
3 8 1794 11410 12594 10584 10653 1668 10680 10550 
3 5 4595 12385 4773 10146 10547 
3 4 12385 7711 7795 10550 
3 5 4595 1402 7335 7407 4333 
3 6 4333 1375 10633 1309 10568 7800 
3 4 4773 7706 12640 10660 
3 4 4629 7682 1459 10660 
3 6 1623 9605 10742 4482 10357 7491 
3 6 7477 7563 10359 10510 12333 7491 
2 5 12163 12474 475 4523 3593 
2 3 12235 10264 12163 
2 6 10435 12324 13732 7618 8099 12333 
2 5 10435 10395 7541 12233 12163 
3 6 4300 4374 4303 1314 1429 4394 
3 7 1623 1554 1532 7486 12471 4581 4300 
2 6 1278 1258 4265 4311 10256 4411 
3 10 10633 1680 7298 1229 12285 12115 10312 10168 7429 4411 
3 4 1685 12631 7757 4866 
3 5 1233 10329 10142 12117 1278 
4 9 11225 11377 9271 298 227 12172 3289 1305 1278 
2 13 10224 4261 1406 1210 12298 12128 10299 6379 3330 3357 393 11348 11225 
4 9 11225 6275 6226 3246 3196 257 11240 11269 9258 
4 8 11375 3303 11277 297 11324 6391 9286 9258 
2 8 10253 7370 7438 1290 3502 11510 9526 11537 
4 6 413 3527 11475 11412 6591 9565 
3 6 6508 9566 3225 288 3306 3335 
1 3 810 6838 6989 
2 4 12543 7851 10678 4731 
2 5 12263 12638 9659 3664 7868 
2 7 4731 4847 1807 10590 7871 12569 9659 
1 5 10641 4798 7746 12694 10608 
1 6 8085 2089 8001 10876 12046 2097 
1 4 2097 10793 6826 3916 
1 4 10876 12839 12413 1631 
1 5 10793 3795 1600 10106 10804 
2 5 7604 4755 1896 12793 4825 
1 3 4901 4609 4553 
1 2 4553 12793 
2 3 10837 7969 4553 
1 4 7602 10385 10768 10837 
1 3 5029 1888 2000 
2 6 1888 5073 11671 8093 12818 10837 
1 2 7990 1888 
2 5 10837 10922 5067 1982 2065 
2 4 5005 7953 1922 5089 
1 2 1922 2065 
1 5 4966 12780 8031 1963 8074 
1 3 8074 4983 12818 
1 7 2070 1986 10913 11249 10828 10873 4983 
1 6 7990 12852 11249 10913 12863 7982 
1 2 12852 12809 
1 2 10882 1578 
1 3 2013 1634 1578 
1 3 2013 3942 1606 
1 3 1606 7671 12473 
1 3 1088 7140 12473 
1 3 4550 1056 7140 
1 2 4550 4111 
1 4 10383 7184 4486 4111 
1 3 7184 12442 4550 
1 2 12442 7513 
1 2 4115 11976 
1 5 11976 4591 4574 7001 4486 
1 2 4591 10089 
1 2 7151 4574 
1 2 1086 1 
1 2 1086 7176 
1 4 1086 4206 1201 1065 
1 3 1086 7107 1065 
1 2 7107 1201 
1 2 4088 4206 
2 4 7011 12004 4073 12049 
2 4 4073 9947 1155 11979 
2 4 4076 7164 10073 7011 
1 2 10073 11964 
2 8 4076 4145 1071 11910 10061 11967 9989 7079 
1 2 12004 4055 
1 3 4055 7117 7216 
2 8 1028 7073 12044 11974 7144 10031 1068 4055 
1 3 4068 1064 1028 
2 2 1064 11999 
1 3 1028 10097 2064 
1 3 2064 12099 12816 
2 4 4574 4562 8101 10901 
2 3 4968 2057 10901 
1 2 2057 4974 
1 2 12455 11976 
1 3 12455 2027 1033 
1 3 12758 5099 2027 
1 4 12758 10835 8092 2095 
2 4 5037 12883 2033 8092 
2 4 8073 1923 13725 12883 
1 3 12758 5027 4968 
2 3 8085 1955 12702 
2 3 12702 10791 8051 
1 6 10791 4932 8108 2048 7960 10904 
2 3 10791 5024 12727 
1 3 12727 5081 10791 
2 4 4968 10923 7995 12727 
2 6 5037 4981 10748 8004 12870 12727 
1 4 8004 8060 2090 13727 
1 2 10786 8060 
2 11 13636 13660 13661 13645 13646 13643 13649 13651 13621 13726 8073 
1 5 2103 8002 1947 8020 10760 
1 4 8002 2018 12740 2048 
1 3 7960 4993 10760 
1 12 2103 13690 13689 13688 13687 13686 13685 13684 13683 13639 13637 13636 
1 2 1631 10383 
1 4 6826 1822 12861 1896 
1 3 4755 6997 12320 
1 3 4901 4473 12434 
1 3 4825 9715 1610 
1 3 7602 10351 10510 
1 2 5029 7491 
1 2 4893 2000 
1 3 8022 12717 12831 
1 3 4891 1889 7982 
1 5 4891 12774 7917 1179 3456 
1 3 3456 4003 4110 
1 4 12774 5043 8013 5105 
2 5 4110 7084 10735 10813 5105 
1 2 5105 5064 
2 9 7084 1971 12792 10898 8007 10139 8106 10173 8022 
1 3 10953 2169 2161 
2 4 1639 1596 12998 10935 
1 4 12364 10402 12394 10418 
2 3 10515 12351 7500 
2 5 12453 1449 5163 10975 12942 
1 3 1449 10943 2172 
2 10 8222 650 10992 8215 10964 2158 2136 12928 12914 5228 
1 2 2158 12942 
1 8 12364 12351 7500 5163 2172 5213 2106 12922 
1 4 12922 12943 10944 10965 
1 5 10965 8216 12978 11022 12942 
2 5 10975 8255 8169 2208 10965 
2 4 7621 4573 12379 12364 
2 4 1639 4643 1624 7621 
2 5 10935 2149 8192 12920 5121 
2 5 7500 10985 5184 12970 8215 
1 6 10943 8187 8238 11007 2194 2152 
2 3 11831 856 947 
1 2 11831 3951 
2 5 6912 11778 9921 785 856 
2 3 9921 928 4112 
1 3 4112 7130 6992 
1 4 10041 9929 10038 7130 
1 3 11796 10041 11907 
1 4 11796 3856 3983 9878 
1 2 11907 9878 
1 5 11831 856 981 11898 928 
1 2 3856 11831 
1 2 904 11866 
1 2 804 11747 
1 5 804 9844 6920 3919 11866 
1 4 940 11860 3876 9878 
1 3 940 9755 6807 
1 4 11810 9830 9763 6807 
1 2 11810 10056 
1 5 11810 11746 806 3889 9893 
1 2 12029 806 
1 2 12473 806 
1 2 9893 12473 
1 3 11881 6995 6978 
1 5 6950 3935 933 9900 6978 
1 5 6950 3903 919 3964 921 
1 5 3903 9777 3950 6919 6950 
1 5 886 3921 3890 6965 9860 
1 2 886 6956 
1 2 6956 11746 
1 2 886 3889 
1 4 804 11844 3807 921 
1 3 9830 961 921 
1 2 4112 11848 
1 3 4755 1636 6935 
1 5 12318 10497 11739 876 9860 
1 5 12387 12416 4512 11759 9860 
1 5 11853 6976 9886 9868 6919 
1 4 10403 789 6991 11853 
1 3 3890 9761 3950 
1 2 11881 11894 
2 3 10415 12692 12589 
2 4 1833 4584 4822 4696 
2 5 1468 4556 12648 5231 4584 
2 4 10400 5106 10566 1688 
1 2 12648 10400 
1 3 10963 4879 7770 
1 3 4879 10957 10978 
1 2 10963 2229 
1 4 1509 10442 5189 10963 
1 3 4822 10697 1509 
1 2 4822 12692 
1 3 10442 4528 10415 
1 4 1509 10668 2213 10400 
1 3 5231 2213 5217 
1 2 8214 10668 
1 2 8214 12963 
1 4 5199 2216 10929 2120 
1 7 12958 10966 2126 1552 10538 697 5199 
1 10 8193 5117 12925 8219 12981 10966 8138 12391 8136 10957 
1 4 8193 2192 8207 5139 
1 4 5139 8244 5036 2080 
1 4 8193 3109 5054 2080 
1 3 12830 11012 5054 
1 9 12989 7088 12783 12847 1950 10951 10883 12824 12830 
1 6 10951 2073 11934 3165 11108 12830 
1 7 5210 6020 1939 10860 5160 12929 12989 
1 6 12963 10525 2151 4851 1874 2216 
1 8 12911 12967 10845 10972 12908 12950 5155 2216 
1 6 12806 1914 4918 2040 4954 5010 
2 9 12806 7925 12826 12796 12836 4138 8105 10844 11999 
1 5 2081 7963 4997 5028 4972 
1 5 4972 10758 8028 2056 12707 
1 8 12707 7950 10836 8071 7983 12794 5045 12751 
1 6 4948 12710 8015 2012 10829 12751 
1 10 10862 12785 1951 10919 2050 4952 8034 10831 6039 5036 
1 7 7959 8006 5070 8065 5013 12787 10862 
1 3 7959 2094 2038 
1 9 2038 1909 12858 12747 12891 12834 4989 7972 4948 
1 15 4948 5034 7992 13226 10875 5012 8038 8111 5046 12857 7203 1102 11943 7069 10070 
1 13 1145 9964 1013 11923 7132 4116 989 12100 7215 4199 10013 1194 10070 
1 3 4136 10120 7079 
1 9 4163 1160 7081 12051 10078 4046 7166 11939 1145 
1 5 4972 4938 2025 12900 2050 
1 6 13474 13491 13507 13500 13527 4057 
1 21 2081 3123 5136 4902 13233 13249 13261 13260 13280 13296 13291 13298 13307 13330 13333 13366 13381 13403 13414 12866 13474 
1 3 951 6929 6984 
1 2 873 951 
1 3 1944 12772 2052 
1 2 1997 2052 
1 4 4526 10855 8113 7968 
1 2 10855 1997 
1 2 7968 10912 
1 2 8113 8024 
1 2 8024 10736 
1 4 10362 12496 10502 12453 
2 4 4604 1626 1613 12496 
1 2 13086 5131 
1 3 2210 2182 5166 
1 3 12997 2162 12983 
1 2 12953 2162 
1 3 8252 5051 12798 
1 2 8056 1937 
1 6 12790 10864 12703 10747 2079 7936 
1 3 4604 4589 10447 
1 8 7622 10498 7451 10374 4476 7546 12347 1550 
2 3 12810 8089 1965 
1 2 12753 8236 
1 2 8236 10889 
1 2 12810 10889 
2 3 10889 2021 1900 
2 3 1965 2011 4956 
2 2 4956 5021 
2 4 5021 2083 12721 12835 
2 6 12782 6987 6785 12369 10769 12835 
2 8 1965 12755 4887 13089 12746 12873 10895 8057 
2 4 8057 1945 4977 4908 
1 3 4908 10765 8012 
1 3 1945 4898 10830 
1 3 10830 12850 8003 
1 3 12835 7973 8003 
1 4 11814 1793 853 3834 
1 4 1793 12765 6897 10573 
1 3 6897 1972 4975 
1 2 8012 3834 
3 4 1562 7517 11757 9814 
1 5 11757 823 7986 8115 853 
2 6 9814 10483 10387 4657 4799 11814 
3 7 9814 11859 6881 986 6861 3677 9671 
2 8 9814 9855 9911 4518 6876 6694 6699 9713 
1 3 3677 3678 6699 
2 3 9713 766 3588 
2 4 3588 6665 4347 4274 
3 6 4274 4328 3513 10271 7386 7315 
2 3 7315 12214 10327 
1 6 4274 7398 12183 12155 10155 10327 
1 6 9713 766 11698 10422 4736 7827 
1 3 7827 7756 1663 
1 3 1663 10582 4865 
2 5 4865 10662 12699 7879 4799 
1 2 10582 12535 
1 4 12535 1789 10556 9616 
1 5 9616 12553 7865 10690 12155 
1 3 1736 10672 12535 
2 6 1736 6742 12676 12124 1690 10327 
2 8 12676 1854 11712 10593 10624 4863 7883 4759 
2 5 11712 4860 12585 4741 1736 
2 7 4759 12685 1870 3719 12597 12693 12550 
2 8 4865 4668 10535 6887 1658 1827 10588 12627 
1 3 1827 7780 4723 
2 6 4723 4794 4610 7814 1851 12585 
1 5 8097 10740 12791 3883 4975 
1 3 8097 12745 10830 
1 3 4975 10642 12627 
2 6 4610 4820 1747 1875 12620 12667 
2 5 12667 1867 9880 1866 4807 
1 3 1866 6827 12550 
2 5 4807 4664 10341 12456 12357 
1 4 4807 4691 12418 1770 
2 7 1770 12418 7306 10478 1560 12456 12357 
2 7 1827 12642 11772 4830 10606 7852 12586 
2 3 12586 9892 1770 
1 6 12627 1738 4586 10340 12024 4740 
1 5 12024 7892 1352 7834 10717 
1 4 4975 12684 2102 9908 
2 4 9908 12893 9773 12301 
1 5 10740 10894 4955 1998 12301 
1 2 6798 12782 
1 5 6785 2042 4884 12410 10337 
2 4 10337 12341 5022 6798 
2 3 6798 12875 12301 
1 4 6798 12728 5038 10894 
1 2 4956 10172 
1 3 3960 9829 5001 
1 2 3960 2082 
1 3 3960 10861 5022 
1 3 3960 7981 12875 
1 4 2082 11743 9822 10798 
1 4 9908 2055 7762 10798 
1 3 5103 1618 1806 
1 2 5103 10798 
1 3 10798 11802 4740 
1 3 10717 1564 1534 
1 3 1534 2043 1806 
1 4 2043 6803 7945 5001 
1 4 10717 10391 10333 9892 
1 4 10717 12361 1621 4569 
1 4 4569 12305 7626 12697 
1 3 7626 1604 11635 
1 3 12697 720 1655 
1 5 12697 12497 10339 10393 10478 
2 4 12357 9657 4166 4738 
2 6 12550 7776 4029 7829 4834 4166 
1 4 3719 10685 4880 12667 
1 3 12667 10595 12586 
1 4 7834 4757 10676 12586 
1 5 7852 3855 3613 4749 4794 
1 2 3513 12211 
2 5 12486 1528 1643 1453 7552 
3 9 1453 7524 4464 7668 7480 10520 10352 10380 10407 
3 9 10407 12353 12381 1572 12439 866 10489 9834 1843 
1 2 10489 12752 
1 3 1572 1584 7388 
1 2 7388 12752 
3 5 12381 1480 11975 1547 7202 
1 4 1480 7612 10492 7583 
1 2 10492 12384 
3 5 12384 638 7118 10465 1547 
1 3 7315 10157 4428 
1 2 4759 12603 
1 3 3706 1262 1854 
1 3 1873 11667 12597 
1 2 11585 3608 
1 3 3721 4218 12636 
1 8 5001 7485 12458 12489 4444 1646 7797 10615 
1 3 12489 12778 6803 
1 5 4569 4449 4540 7615 7797 
1 7 7615 1987 12501 10281 1758 10657 913 
1 2 12401 1528 
1 2 12401 5001 
2 3 10337 7628 12486 
2 7 1453 10449 4565 12328 4510 7464 7797 
1 4 10615 10753 10192 12735 
1 5 12735 7422 492 4756 7480 
3 4 12735 4594 9996 12384 
1 3 492 860 7583 
1 3 10192 10824 12501 
2 4 12384 5090 10909 10657 
3 4 4565 8110 1587 12735 
2 4 10657 1582 12568 9727 
1 3 9727 1445 4601 
1 8 6971 971 11890 4601 4527 1881 11621 11635 
2 3 9727 12637 4627 
1 5 913 8014 10468 10096 10081 
1 6 10081 7138 4491 7527 3994 7118 
2 3 7202 10047 11927 
2 4 11927 10051 7083 10081 
1 2 10051 1132 
2 4 10081 12445 9931 10412 
1 2 865 11738 
1 2 11841 3823 
1 3 12369 5015 10769 
1 2 8032 4887 
1 2 1937 12790 
2 6 5107 2178 2164 7561 10989 2227 
2 5 2164 10345 1524 10998 8143 
2 2 8143 10946 
2 6 10447 12396 4548 10405 4533 8181 
2 5 8181 7553 5167 10513 5112 
2 4 5112 10432 5172 10980 
2 3 10980 12334 8148 
3 8 10946 8184 8177 5194 8233 10931 7476 8148 
1 4 7476 12938 4570 10999 
1 3 7476 2167 12977 
2 5 12977 7636 12438 10360 10513 
2 2 12977 8140 
1 8 7636 10945 2181 10959 8189 12916 2160 10924 
2 5 2178 2228 12933 5220 12853 
2 6 8140 5208 5151 12947 12913 5220 
1 4 12553 10687 12673 1690 
2 25 4401 12232 10232 12204 1285 10162 4405 4334 1300 4255 10137 10309 4379 1302 7280 12297 4397 10016 11936 1185 4075 12075 10075 12319 1114 
1 6 7432 7376 4639 7319 10177 4251 
2 26 1488 7492 7353 7572 10411 12173 10221 10250 7408 1427 12122 12220 4388 1308 10158 12230 12201 1394 12286 4371 7236 12131 1279 7329 10227 12255 
1 6 7408 10250 12195 12388 10425 12402 
1 4 12388 12373 1357 10384 
1 5 7408 1427 7367 4319 4348 
1 13 7236 12144 1291 7342 12215 1376 4384 12255 10297 4412 7427 4424 12299 
1 7 1315 7295 12125 1403 4336 12127 1330 
1 2 4147 12090 
1 11 4425 10920 7469 1492 12404 12449 1650 10344 10283 10154 1330 
1 3 1170 7562 1492 
1 3 7254 12284 10344 
1 3 1492 1566 7603 
1 4 12404 4541 7163 7534 
1 7 9991 12010 11968 11929 4616 10443 13749 
1 4 9935 2843 4162 4616 
1 6 7260 7344 13766 13767 13769 10201 
1 2 10229 13767 
1 2 13764 13766 
3 12 8241 2211 2203 5195 2197 7839 4819 12632 1814 4804 12617 12604 
2 8 4804 7692 1786 1746 1713 7887 1565 4543 
1 2 4718 7887 
1 4 7692 1801 10609 4748 
1 2 5195 8212 
3 18 1652 2157 10983 10949 8200 10969 2133 5138 7623 12992 2223 10979 4487 4441 1454 12104 1431 7669 
3 28 7623 12906 10927 8186 5225 2205 10991 12934 10977 8234 7533 4500 1537 12406 4864 12435 7859 1861 10581 10553 7798 4776 12932 2130 12918 12910 10925 5225 
3 12 12406 7520 7450 1611 10458 10445 7564 7535 7522 4481 12308 7651 
2 7 4520 12367 7566 4560 10460 10487 7651 
1 2 7564 10430 
1 9 1415 10165 7323 10265 10236 12236 10306 1372 12279 
1 6 12268 10322 1274 1313 4320 4361 
1 3 12138 10150 10322 
1 12 7381 4406 12249 1386 7223 12277 12293 4390 4608 10479 12472 7654 
1 10 4406 10307 1425 7421 4621 4434 7642 10135 1209 12472 
2 40 1321 1238 10130 10274 7363 8067 1268 10149 10278 12180 10152 1430 4321 7340 7297 4237 10255 10001 11978 12462 10116 10088 12063 4104 4062 4245 10077 4644 7593 7537 7475 1656 12338 10389 10349 7455 12366 13753 13754 12322 
2 22 1238 7447 7391 10190 7244 7395 4278 12208 1273 4395 7232 12269 1349 7013 4187 7150 11952 9975 1144 1061 7020 4003 
2 11 9975 1103 12829 4971 7905 4915 10794 11955 2032 12708 2076 
2 10 4915 5086 12137 5055 12777 9973 10751 4516 4544 7537 
2 10 10001 7090 1579 12420 10401 8120 10801 4410 5040 5055 
2 14 1430 4365 1317 8087 11950 10511 7619 10030 4950 2105 11995 1949 7080 7905 
1 5 1317 10259 10756 5032 4278 
1 7 4187 4072 7119 7060 10311 5019 10511 
1 4 10511 10171 12490 1579 
1 9 10088 10060 10428 4513 12307 10358 1444 4204 4245 
1 3 4245 12050 2843 
1 2 12338 13749 
1 5 2032 2002 10772 10066 8007 
3 6 476 9423 9576 754 741 11670 
2 11 13815 13814 13813 13812 13794 13793 13792 13778 13771 13770 2077 
1 5 13778 13777 13779 13780 13776 
1 11 12911 2206 5196 1939 10962 5079 2066 8062 13853 8036 5010 
1 15 2081 4897 4978 1473 5060 10739 8084 2016 10795 1914 4918 2040 5097 13852 8124 
1 2 8124 4985 
3 9 9279 6345 9362 6412 3307 13857 383 6310 171 
3 5 4102 11949 1020 7178 10092 
3 6 4102 1183 12006 11925 4164 7110 
3 4 9950 7110 1025 11985 
3 6 3679 3692 11486 9517 6568 589 
3 10 9355 11368 11242 3292 6262 6396 6290 9348 6414 6380 
2 5 6296 6360 3337 9499 6314 
1 4 5131 13866 13195 5230 
1 4 2160 12979 5229 10944 
1 4 13195 13864 10938 13865 
1 4 13864 13863 12930 5179 
1 8 13863 2174 8231 13858 12994 5171 11000 5228 
1 4 10965 2224 13859 2174 
1 4 650 5191 8194 5228 
2 3 946 9928 10376 
2 5 11937 10044 1153 4185 4038 
3 5 4619 4631 9999 7097 10517 
2 5 7097 13143 4156 10057 7199 
2 3 11913 4001 10095 
3 5 7025 7085 10098 4066 10364 
3 5 4196 4169 10069 4099 1055 
3 5 9974 10058 1168 4013 1055 
3 7 4196 7027 11986 7071 10010 10093 9938 
3 5 10404 4480 12017 12310 10517 
3 6 9938 9978 7067 4050 7108 1047 
3 5 1597 7650 7137 4177 4121 
3 5 11981 10105 7192 10050 7137 
3 4 11981 7135 4160 1070 
3 6 11981 7039 9963 11938 4189 1047 
2 6 7199 12030 10084 12057 7131 7071 
3 4 9970 9942 1053 7199 
3 4 9970 1120 12095 1047 
3 4 3992 4083 7172 7199 
2 7 1055 11947 9944 1066 7054 4038 3992 
3 7 4619 7167 10462 10446 7568 12012 10364 
2 3 7191 7120 10076 
3 6 7025 10043 4037 1069 10102 4089 
3 4 10000 4186 10018 4205 
3 8 10000 1184 12074 4089 12093 11944 4137 10068 
3 5 1076 1029 9971 4157 10000 
2 6 10364 9958 1139 1180 10421 1519 
4 5 10068 11761 9843 9776 952 
2 5 11761 1134 10022 7109 4190 
2 4 4190 12062 4538 1519 
1 4 10507 4469 12344 1519 
3 4 10068 12043 1052 3900 
2 3 12355 12412 10433 
3 4 4572 4503 4633 4506 
3 3 10433 7582 4506 
2 4 4506 1588 12618 7832 
1 4 4506 12485 1502 10638 
1 4 12618 1847 10567 1776 
2 5 952 1489 7545 11752 1608 
3 4 9843 6969 881 11801 
2 4 11801 9873 7633 10426 
2 4 10426 1508 10429 12469 
1 5 11801 6937 6988 10499 10363 
3 2 10062 7108 
2 5 4504 10763 1010 4431 6999 
2 5 6999 7240 4925 4375 9966 
2 5 7418 10144 5048 2030 7240 
2 6 10364 1004 1603 5092 7406 7418 
2 7 7418 8072 7596 10757 7434 7101 10517 
2 8 5033 10741 8041 4407 12724 12837 1918 9966 
1 8 12732 2022 556 1933 2006 1976 4256 7418 
1 6 4709 12656 7732 1838 12820 7971 
1 7 1976 12156 8049 7208 1034 4634 1519 
2 5 11815 3934 6852 3828 10426 
2 4 12469 12337 4561 4506 
2 4 3913 3932 6947 946 
2 5 7186 7214 11959 1091 12068 
2 6 7186 9955 4096 1175 11914 12068 
2 5 6963 11828 11896 9790 4052 
3 4 7125 7221 7204 11977 
3 4 11977 1081 4086 4056 
3 4 11977 4126 10110 11948 
2 2 7155 10065 
2 4 6928 11770 7171 4052 
2 5 6963 906 9899 3803 6822 
2 6 6928 3981 3852 6922 959 6822 
2 4 9790 912 11835 6981 
3 3 1025 4027 10092 
3 5 11985 10052 1092 11946 7212 
3 5 9965 4094 4179 7046 10092 
2 6 7212 12031 1136 1067 7102 10032 
3 5 9965 7072 11960 4142 10125 
2 3 7072 7113 1133 
3 6 10125 12097 7087 7157 9998 1182 
2 3 10125 4069 7087 
2 3 10125 4172 7102 
3 5 1182 4188 4100 7016 4118 
3 3 4118 1024 7169 
3 4 10032 10128 12007 1117 
2 5 12007 11989 11908 1097 1182 
2 4 4118 1113 4000 11908 
3 5 7169 1165 6870 11847 6994 
3 6 1117 11930 4067 1063 9865 6994 
2 3 3962 9859 6994 
3 4 3962 7532 10444 10512 
2 3 10512 7595 1512 
2 4 10512 12421 1642 4576 
2 5 12189 7266 1397 9749 11575 
2 9 12189 10466 11643 6686 664 6684 11750 6989 957 
2 6 957 6961 9895 11904 11745 6833 
1 7 6833 11626 6715 3739 3753 11719 11575 
1 4 7868 4841 7309 4404 
1 2 7868 1742 
1 5 1742 1755 1820 1322 12446 
1 4 6963 9803 3888 887 
2 4 6822 898 6944 3944 
2 4 9897 3944 11879 957 
1 3 12691 4724 1777 
1 3 12102 12106 1292 
1 3 1387 4824 4754 
1 8 12521 10670 3472 12390 6787 1768 7685 12672 
1 2 4817 7685 
2 8 4595 1382 1312 12177 10452 7600 7243 4300 
1 4 7600 7657 12329 7597 
3 6 10633 7317 10630 7708 12613 12594 
3 7 3529 3555 6602 6506 9475 6539 3578 
2 6 11537 3404 410 9473 452 6502 
3 5 3578 11523 9432 11421 6502 
2 6 9258 9409 6382 6353 3304 3465 
3 6 3578 3426 9460 6492 3465 9422 
3 7 9422 471 11436 9312 9339 6317 413 
3 7 9565 6566 9540 11501 11527 9504 3529 
3 8 9417 11403 3464 6490 6503 9474 6527 3529 
3 8 9753 757 6758 3726 6748 700 6701 3668 
3 6 3668 4463 7624 4458 7495 7661 
2 4 3668 6689 3672 9647 
2 6 1599 6671 1530 11609 9628 9647 
3 6 3653 772 11599 11617 11647 9663 
2 3 12434 11704 11674 
2 7 9647 685 9649 11664 6692 9674 9663 
3 5 9417 11559 765 3752 3734 
2 5 3734 6768 9709 9726 11696 
3 5 3734 3720 3717 6721 9663 
3 4 3734 11729 6741 9680 
1 6 9663 3698 717 719 11668 6741 
3 4 3686 6704 9677 9680 
3 6 3686 705 3722 568 737 11715 
3 7 502 3479 6505 9461 11450 11418 9417 
2 3 11418 449 3464 
3 4 9417 9430 6445 3421 
3 5 3421 6420 9571 3767 6596 
3 3 6596 767 737 
3 7 11715 9419 11422 11437 9433 6478 3468 
3 4 502 6530 3531 418 
2 4 392 3382 11319 9299 
2 6 3214 355 9401 6404 9299 6275 
2 3 1821 12567 7228 
3 5 1278 291 6285 6246 4400 
2 8 6246 7431 206 12626 4372 7375 1754 12527 
3 9 6338 11243 11356 9259 3282 3383 9325 6327 11375 
4 7 6338 372 3365 3214 10301 9385 4400 
3 6 11375 6299 9360 6362 3339 214 
2 4 4400 6278 6217 7359 
2 7 121 252 3240 11338 378 9311 214 
2 8 6101 121 3220 3190 97 6077 3135 6119 
3 5 214 6316 11362 301 6380 
1 8 3338 312 11171 3130 9187 6075 3157 6097 
1 6 108 6202 9155 45 6171 6124 
2 8 6119 11035 23 9180 3167 6089 9214 6124 
1 3 9131 11213 3124 
3 9 9177 11048 9060 11174 70 9197 11068 149 3151 
2 6 11159 90 6172 11153 11059 70 
3 9 3235 9242 6225 9212 6154 71 117 6197 6174 
3 8 6380 11282 9302 366 6303 287 6367 3235 
3 7 3350 3378 9289 11271 6354 223 306 
3 10 306 3297 9253 9382 11254 335 401 3327 3391 6380 
1 5 6262 11347 3236 246 11235 
1 3 471 340 11351 
1 4 269 397 3275 3339 
3 6 418 11397 6578 511 6507 9433 
2 4 3580 11526 3520 11462 
2 7 511 3557 3455 11462 522 9477 6508 
1 4 6577 9579 3291 3318 
3 5 3468 488 11454 3494 525 
3 5 525 11557 6458 11489 6508 
2 5 546 9288 6344 6373 3350 
3 4 525 489 3568 546 
3 5 525 504 11490 9481 476 
2 7 525 3543 441 6593 3470 11543 6557 
1 3 11514 550 504 
3 6 546 6589 315 343 3364 3335 
2 5 3392 3256 6306 3309 9304 
3 5 3350 386 360 3759 9304 
2 5 310 233 358 6220 9241 
2 7 11202 11097 3053 6139 11032 6174 3151 
2 7 11159 9118 6094 11092 155 11175 6021 
2 5 6021 94 9195 3189 6029 
2 9 3134 11117 9201 6181 3121 9162 3008 86 6029 
2 8 11159 6106 9082 60 3057 11168 3154 6097 
1 4 2058 1483 10408 7706 
1 2 1384 4629 
2 7 11696 6753 731 11661 11690 728 6748 
1 2 6474 3421 
2 6 11437 453 486 3449 6776 3421 
2 5 3449 472 3399 11405 11422 
2 4 6296 327 3320 13759 
3 3 6296 9357 530 
2 4 9304 6359 318 3393 
2 3 6340 277 11370 
2 7 3468 3452 409 6597 3575 9714 741 
2 7 11670 3738 11703 11546 574 11561 9419 
2 4 11715 3755 11683 11546 
3 4 9716 723 6729 6706 
3 4 9617 674 11636 6706 
2 5 723 3707 11686 6743 13210 
2 4 687 3701 6727 13210 
2 3 674 6677 657 
3 6 9617 3663 11619 11655 11672 3728 
2 3 3728 3741 9716 
2 3 3630 6652 637 
1 4 949 965 11754 3630 
3 6 9660 11625 6670 3623 619 3617 
3 4 6682 11608 9606 614 
2 3 3731 6751 6573 
2 5 9687 6714 6711 3694 676 
3 5 9660 9690 6561 3537 11539 
3 5 9660 11663 9676 6720 3700 
3 3 9646 9648 6690 
1 2 9646 596 
2 4 11577 11574 6799 11899 
1 3 11767 914 9805 
2 4 9716 11534 3407 577 
2 3 11479 491 3483 
3 5 11666 9527 557 3569 6562 
3 3 6562 6590 3484 
3 5 6562 3414 3583 9567 9412 
3 4 9527 11525 9569 11542 
2 3 1616 6985 6606 
3 4 11891 3772 6788 6973 
3 5 9503 549 3629 11502 9559 
3 3 9503 6529 678 
2 4 6613 11794 648 3652 
2 4 3764 6975 3959 9909 
2 3 6449 9550 11508 
2 4 6599 11535 3579 6449 
2 3 9510 9495 527 
3 5 3152 11426 11127 11443 4640 
3 4 3152 496 6381 11291 
2 4 6381 6178 9221 592 
2 4 9340 10323 11222 3298 
2 3 9340 265 530 
3 5 9340 6222 6342 11246 9262 
2 3 6322 3525 6222 
3 4 9340 9240 9317 11291 
1 2 9262 6314 
3 6 6296 3272 6281 400 11357 11301 
3 5 3544 524 402 290 11301 
2 4 402 3521 3559 11399 
3 7 3544 6511 3458 562 3497 11430 9427 
3 5 3544 9400 9508 493 11515 
2 4 3544 6567 9316 6375 
1 3 399 332 11366 
3 4 3522 9456 3499 6521 
1 2 6725 6708 
2 3 11056 6082 9206 
2 4 3151 3060 9100 9206 
2 6 3122 11126 3117 169 6066 3083 
1 4 9140 6117 11183 3134 
